Left wall

line
0 0 0 10 0 0
line
10 0 0 10 100 0
line
10 100 0 0 100 0
line
0 100 0 0 0 0

line
0 0 0 0 0 110
line
10 0 0 10 0 110
line
10 100 0 10 100 110
line
0 100 0 0 100 110

line
0 0 110 10 0 110
line
10 0 110 10 100 110
line
10 100 110 0 100 110
line
0 100 110 0 0 110

Right wall

line
100 0 0 110 0 0
line
110 0 0 110 100 0
line
110 100 0 100 100 0
line
100 100 0 100 0 0

line
100 0 0 100 0 110
line
110 0 0 110 0 110
line
110 100 0 110 100 110
line
100 100 0 100 100 110

line
100 0 110 110 0 110
line
110 0 110 110 100 110
line
110 100 110 100 100 110
line
100 100 110 100 0 110

Front wall

line
0 0 0 110 0 0
line
110 0 0 110 100 0
line
110 100 0 0 100 0
line
0 100 0 0 0 0

line
0 0 0 0 0 10
line
110 0 0 110 0 10
line
110 100 0 110 100 10
line
0 100 0 0 100 10

line
0 0 10 110 0 10
line
110 0 10 110 100 10
line
110 100 10 0 100 10
line
0 100 10 0 0 10

Back wall

line
30 0 100 110 0 100
line
110 0 100 110 100 100
line
110 100 100 30 100 100
line
30 100 100 30 0 100

line
30 0 100 30 0 110
line
110 0 100 110 0 110
line
110 100 100 110 100 110
line
30 100 100 30 100 110

line
30 0 110 110 0 110
line
110 0 110 110 100 110
line
110 100 110 30 100 110
line
30 100 110 30 0 110

ident
rotate
x 20
rotate
y 20
rotate
z 20
move
50 50 0
scale
2.2 2.2 2
apply

display
save
pic.png
